-5.267261750752758043e-02 -4.453337289777161562e-02 4.564584716011806272e-03
5.189074810041973546e-02 -4.057812522582448372e-02 5.633132391849516273e-03
-6.583854040683680478e-03 1.798086035458722545e-02 2.607447615325908172e-02
7.261463104195861260e-03 1.864089507254683073e-02 2.630655404465710723e-02
-3.462678650819266124e-02 1.016860032356151425e-02 4.276119673379746161e-02
3.490439589499880202e-02 1.184679999867559695e-02 4.300092397503128827e-02
-8.690212289394781686e-03 -7.959413608012759489e-02 1.799913907753177000e-02
8.733434744515863879e-03 -8.007892150319995128e-02 1.895548931728500280e-02
-2.575148716422908865e-02 -7.813426275729127082e-03 -3.147864944229538525e-02
2.617037622151511742e-02 -6.860027535812321040e-03 -3.188801657386996363e-02
-8.632970227914708167e-03 6.169059705734253329e-02 -8.669863447985228649e-03
1.031401965030164826e-02 6.109444643553030296e-02 -9.960086645068833358e-03
-3.567919244592245021e-02 -4.326604105669029643e-02 -1.971928917425994424e-02
3.593387177808418653e-02 -4.301410770215102763e-02 -1.918488033910947452e-02
-3.999634051428956061e-02 -6.637929429936444137e-02 2.734041101083466152e-02
4.279977436250981954e-02 -6.090466163669931710e-02 2.808338837236239519e-02
-4.892717980010047318e-02 -3.444245011554213087e-02 -2.224825370826779072e-02
4.927902694654900939e-02 -3.166778717001475507e-02 -2.298468964066146050e-02
-3.420845284008763171e-02 -4.309734970289210917e-03 2.209985899195735046e-03
3.509218689144707332e-02 -3.910732458546971324e-03 2.197678898293483653e-03
-8.961818467105923253e-03 -4.540678559871865611e-02 1.753921501099376529e-02
9.811538427618889807e-03 -4.473988066326621549e-02 1.694565357544802753e-02
-2.967096866591821883e-02 -8.686120807715258518e-02 -1.044874815572285160e-03
3.029518010307241313e-02 -8.627848879187058340e-02 5.002295546997052606e-04
-2.398678181620019292e-02 2.855969507327623530e-02 -1.441119257893110940e-02
2.360314785059734050e-02 2.848288041963787168e-02 -1.524266005525756577e-02
-1.647275472242965000e-02 -6.679535487443741260e-02 -4.278381771796975659e-03
1.683164611368471314e-02 -6.629472485578070950e-02 -3.584632061880598224e-03
-8.013430294431552262e-03 3.476200832064259977e-02 -1.486703379094376012e-02
8.753422137372459180e-03 3.563751152131190703e-02 -1.423351421512388838e-02
-5.563634046004468925e-02 -3.109019999753766597e-02 -1.285125197777902371e-02
5.592475054927408679e-02 -2.950318189714706135e-02 -1.293940962603824102e-02
-9.994391790215150298e-03 -2.867725147561149199e-02 5.609039272130005721e-02
9.850544766824655130e-03 -2.740839351570911395e-02 5.559399277446350901e-02
-2.468357232294093873e-02 -3.115126402308030298e-02 -1.741700093774078972e-02
2.599155731671983979e-02 -3.124761161847995281e-02 -1.617394652430625274e-02
-4.463034589950298781e-02 1.458731767488393068e-02 1.312592586942806956e-02
4.488423240069060183e-02 1.437010113475393688e-02 1.422140515434124064e-02
-4.100563874903078582e-02 3.877303958038901682e-02 -1.107095470189050496e-02
4.207244119382057973e-02 3.915021309237643604e-02 -9.953681086384964100e-03
-4.237807473455816598e-02 3.061994619639851062e-02 2.343958910394762334e-03
4.495746830130820798e-02 2.974641556218890828e-02 4.464964625354585909e-03
-1.390114778192972148e-02 -8.055395904046235012e-02 5.966561845721483730e-03
1.397699302170085471e-02 -7.974419442834414229e-02 6.705668602988586711e-03
-4.228677161684891994e-02 -2.380089408508030691e-02 4.361349029903696661e-02
4.156687607682221092e-02 -2.241647889288497439e-02 4.383460334991554075e-02
-7.338405564746732987e-03 -1.744182898465399673e-02 3.565155236266975142e-02
7.615716508012986517e-03 -1.706584296647398538e-02 3.615124929437020518e-02
-3.784944429726146142e-02 -1.067030412711408513e-02 4.210077535401313131e-02
3.684715410194233653e-02 -9.910931929491550996e-03 4.347996627226551752e-02
-1.164073501294860327e-02 -5.746547124995251415e-02 3.673286124527224555e-02
1.172515111098091853e-02 -5.647188043624265519e-02 3.773031393511553505e-02
-6.822426845276796832e-03 3.389062926045173507e-02 1.635229739494000302e-03
8.015842945659646529e-03 3.319334964588872838e-02 1.970792425746764956e-03
-3.133030814352939092e-02 4.118180818727596587e-02 1.653212041857422474e-02
3.227525801915722553e-02 4.093285555077950250e-02 1.734309842087903425e-02
-1.257862813935337748e-02 2.291592455999602942e-02 4.237351891220726002e-02
1.337857379771218401e-02 2.470792179330397534e-02 4.196651230146250522e-02
-2.278135921002888420e-02 -6.088468254989767153e-02 4.627741367833342057e-02
2.263617004515068587e-02 -5.950564924459150057e-02 4.811024967076812237e-02
-5.209192502333025859e-02 -1.777484978718973582e-02 -4.377389904268132355e-03
5.298407205871603215e-02 -1.400350477635302696e-02 -5.461318871956917856e-03
-5.043051705560012976e-02 -3.880052770015807173e-02 3.095747579319525419e-02
5.058997717266431465e-02 -3.326952501589536954e-02 3.071820921178241084e-02
-3.281788720732224662e-02 8.446695265365731717e-03 -3.482615931923536273e-02
3.392300009523205317e-02 8.380435465697683856e-03 -3.312307405646892217e-02
-4.395352940810353520e-02 -2.417517333192033963e-02 6.009250922261599390e-03
